 bone (0.000000, 0.000000, 0.000000) ( 0.000000, 0.000000, 0.000000)
 bone (0.000000, 0.000000, 0.000000) ( 1.573140, -1.857740, 0.637830)
 bone (1.573140, -1.857740, 0.637830) ( 4.152960, -8.945730, 0.637830)
 bone (4.152960, -8.945730, 0.637830) ( 6.792890, -16.198879, 0.637830)
 bone (6.792890, -16.198879, 0.637830) ( 6.961530, -16.662199, 2.765740)
 bone (6.961530, -16.662199, 2.765740) ( 6.961530, -16.662199, 3.862920)
 bone (0.000000, 0.000000, 0.000000) ( 0.000000, 0.000000, 0.000000)
 bone (0.000000, 0.000000, 0.000000) ( -1.560060, -1.857740, 0.637840)
 bone (-1.560060, -1.857740, 0.637840) ( -4.102520, -8.843101, 0.637840)
 bone (-4.102520, -8.843101, 0.637840) ( -6.760430, -16.145660, 0.637840)
 bone (-6.760430, -16.145660, 0.637840) ( -6.944780, -16.652161, 2.801000)
 bone (-6.944780, -16.652161, 2.801000) ( -6.944780, -16.652161, 3.918800)
 bone (0.000000, 0.000000, 0.000000) ( 0.000000, 0.000000, 0.000000)
 bone (0.000000, 0.000000, 0.000000) ( -0.001360, 1.928120, -0.296380)
 bone (-0.001360, 1.928120, -0.296380) ( -0.006640, 3.890350, -0.325660)
 bone (-0.006640, 3.890350, -0.325660) ( -0.006640, 3.890350, -0.325660)
 bone (-0.006640, 3.890350, -0.325660) ( -0.016790, 5.646210, -0.247690)
 bone (-0.016790, 5.646210, -0.247690) ( 0.038610, 7.370729, -0.202110)
 bone (0.038610, 7.370729, -0.202110) ( 0.060310, 9.170309, -0.193470)
 bone (-0.006640, 3.890350, -0.325660) ( -0.006640, 3.890350, -0.325660)
 bone (-0.006640, 3.890350, -0.325660) ( 3.156280, 5.183120, -0.982940)
 bone (3.156280, 5.183120, -0.982940) ( 8.679300, 5.183120, -0.982940)
 bone (8.679300, 5.183120, -0.982940) ( 12.266050, 5.183120, -0.982940)
 bone (12.266050, 5.183120, -0.982940) ( 12.266050, 5.183120, -0.982940)
 bone (12.266050, 5.183120, -0.982940) ( 12.802461, 5.183120, -0.982940)
 bone (12.802461, 5.183120, -0.982940) ( 13.234931, 5.183120, -0.982940)
 bone (12.266050, 5.183120, -0.982940) ( 12.266050, 5.183120, -0.982940)
 bone (12.266050, 5.183120, -0.982940) ( 12.705120, 5.183120, -0.543870)
 bone (-0.006640, 3.890350, -0.325660) ( -0.006640, 3.890350, -0.325660)
 bone (-0.006640, 3.890350, -0.325660) ( -3.089600, 5.324110, -0.854930)
 bone (-3.089600, 5.324110, -0.854930) ( -8.937400, 5.324110, -0.854930)
 bone (-8.937400, 5.324110, -0.854930) ( -12.564569, 5.324110, -0.854930)
 bone (-12.564569, 5.324110, -0.854930) ( -12.564569, 5.324110, -0.854930)
 bone (-12.564569, 5.324110, -0.854930) ( -13.215090, 5.324110, -0.854930)
 bone (-13.215090, 5.324110, -0.854930) ( -13.739550, 5.324110, -0.854930)
 bone (-12.564569, 5.324110, -0.854930) ( -12.564569, 5.324110, -0.854930)
 bone (-12.564569, 5.324110, -0.854930) ( -13.097039, 5.324110, -0.322460)
